b'06800606;0018;0036;0111;0153;-0.079;-0.024\r\n'
b'06800693;0016;0036;0121;0182;-0.093;-0.030\r\n'
b'06800780;0016;0031;0118;0179;-0.093;-0.032\r\n'
b'06800868;0014;0032;0104;0169;-0.085;-0.032\r\n'
b'06800955;0014;0032;0109;0179;-0.090;-0.034\r\n'
b'06801042;0014;0032;0115;0154;-0.084;-0.023\r\n'
b'06801130;0012;0032;0106;0136;-0.075;-0.019\r\n'
b'06801217;0016;0033;0136;0162;-0.093;-0.019\r\n'
b'06801304;0014;0033;0115;0160;-0.085;-0.025\r\n'
b'06801392;0016;0032;0113;0159;-0.084;-0.026\r\n'
b'06801479;0014;0032;0122;0176;-0.094;-0.028\r\n'
b'06801566;0015;0032;0129;0163;-0.091;-0.022\r\n'
b'06801653;0015;0033;0115;0160;-0.085;-0.025\r\n'
b'06801741;0014;0032;0114;0155;-0.084;-0.024\r\n'
b'06801828;0014;0032;0128;0169;-0.093;-0.024\r\n'
b'06801916;0013;0033;0130;0191;-0.102;-0.030\r\n'
b'06802003;0012;0032;0118;0169;-0.090;-0.027\r\n'
b'06802090;0014;0032;0128;0154;-0.088;-0.019\r\n'
b'06802177;0016;0033;0119;0157;-0.085;-0.023\r\n'
b'06802265;0015;0032;0144;0162;-0.096;-0.016\r\n'
b'06802352;0014;0032;0106;0153;-0.080;-0.026\r\n'
b'06802439;0011;0034;0112;0153;-0.082;-0.022\r\n'
b'06802527;0016;0032;0091;0144;-0.071;-0.029\r\n'
b'06802614;0014;0032;0112;0150;-0.081;-0.023\r\n'
b'06802702;0016;0034;0103;0139;-0.073;-0.022\r\n'
b'06802789;0011;0033;0113;0148;-0.081;-0.021\r\n'
b'06802876;0012;0034;0110;0147;-0.079;-0.021\r\n'
b'06802963;0011;0032;0102;0131;-0.072;-0.019\r\n'
b'06803050;0014;0033;0102;0137;-0.073;-0.022\r\n'
b'06803138;0016;0033;0104;0160;-0.081;-0.029\r\n'
b'06803225;0014;0032;0099;0147;-0.076;-0.026\r\n'
b'06803312;0014;0034;0138;0175;-0.098;-0.022\r\n'
b'06803400;0016;0034;0130;0195;-0.102;-0.032\r\n'
b'06803487;0018;0032;0138;0200;-0.106;-0.033\r\n'
b'06803574;0017;0033;0131;0177;-0.096;-0.026\r\n'
b'06803662;0013;0034;0112;0171;-0.088;-0.029\r\n'
b'06803749;0011;0032;0112;0169;-0.089;-0.028\r\n'
b'06803837;0013;0033;0128;0176;-0.096;-0.026\r\n'
b'06803924;0012;0032;0120;0174;-0.093;-0.028\r\n'
b'06804011;0016;0032;0128;0161;-0.090;-0.022\r\n'
b'06804098;0016;0036;0129;0171;-0.092;-0.024\r\n'
b'06804186;0014;0032;0107;0163;-0.084;-0.029\r\n'
b'06804273;0014;0033;0112;0169;-0.087;-0.029\r\n'
b'06804360;0016;0032;0118;0160;-0.086;-0.025\r\n'
b'06804448;0016;0029;0107;0163;-0.084;-0.031\r\n'
b'06804535;0014;0032;0104;0161;-0.082;-0.029\r\n'
b'06804622;0011;0034;0101;0144;-0.076;-0.023\r\n'
b'06804709;0014;0036;0099;0120;-0.065;-0.016\r\n'
b'06804797;0014;0036;0116;0153;-0.082;-0.021\r\n'
b'06804884;0011;0032;0120;0145;-0.083;-0.017\r\n'
b'06804971;0014;0032;0104;0160;-0.082;-0.029\r\n'
b'06805059;0012;0034;0114;0173;-0.090;-0.029\r\n'
b'06805146;0014;0032;0115;0161;-0.086;-0.026\r\n'
b'06805233;0018;0032;0118;0155;-0.084;-0.024\r\n'
b'06805321;0014;0034;0110;0168;-0.086;-0.029\r\n'
b'06805408;0018;0032;0123;0161;-0.087;-0.024\r\n'
b'06805495;0016;0029;0112;0170;-0.088;-0.032\r\n'
b'06805582;0015;0033;0112;0146;-0.079;-0.022\r\n'
b'06805670;0016;0033;0116;0153;-0.083;-0.023\r\n'
b'06805757;0016;0033;0128;0163;-0.090;-0.022\r\n'
b'06805845;0018;0036;0113;0166;-0.084;-0.028\r\n'
b'06805932;0015;0034;0120;0152;-0.084;-0.021\r\n'
b'06886449;0014;0032;0147;0186;-0.106;-0.023\r\n'
b'06886524;0015;0032;0128;0155;-0.088;-0.020\r\n'
b'06886614;0014;0033;0128;0170;-0.093;-0.024\r\n'
b'06886698;0016;0032;0115;0178;-0.091;-0.032\r\n'
b'06886785;0016;0033;0120;0176;-0.092;-0.030\r\n'
b'06886873;0016;0033;0128;0192;-0.100;-0.032\r\n'
b'06886960;0017;0032;0131;0168;-0.093;-0.024\r\n'
b'06887048;0016;0032;0112;0157;-0.083;-0.026\r\n'
b'06887135;0011;0035;0118;0161;-0.087;-0.023\r\n'
b'06887222;0014;0033;0116;0157;-0.085;-0.024\r\n'
b'06887310;0013;0034;0109;0151;-0.080;-0.023\r\n'
b'06887397;0014;0034;0115;0168;-0.088;-0.027\r\n'
b'06887484;0014;0032;0115;0145;-0.080;-0.020\r\n'
b'06887572;0016;0032;0102;0139;-0.073;-0.023\r\n'
b'06887659;0016;0033;0120;0171;-0.090;-0.028\r\n'
b'06887746;0015;0032;0113;0160;-0.085;-0.026\r\n'
b'06887833;0016;0033;0097;0131;-0.068;-0.022\r\n'
b'06887921;0015;0032;0114;0176;-0.091;-0.032\r\n'
b'06888008;0013;0032;0106;0139;-0.076;-0.021\r\n'
b'06888095;0014;0033;0132;0163;-0.092;-0.020\r\n'
b'06888183;0016;0032;0112;0150;-0.080;-0.024\r\n'
b'06888270;0016;0032;0114;0155;-0.083;-0.025\r\n'
b'06888357;0017;0032;0131;0163;-0.091;-0.022\r\n'
b'06888445;0016;0031;0114;0160;-0.085;-0.027\r\n'
b'06888532;0014;0034;0106;0150;-0.078;-0.024\r\n'
b'06888619;0016;0031;0128;0171;-0.094;-0.026\r\n'
b'06888706;0016;0032;0115;0171;-0.089;-0.030\r\n'
b'06888794;0016;0032;0112;0163;-0.085;-0.028\r\n'
b'06888881;0017;0032;0144;0203;-0.110;-0.031\r\n'
b'06888969;0014;0036;0107;0162;-0.082;-0.027\r\n'
b'06889056;0017;0032;0141;0176;-0.099;-0.023\r\n'
b'06889143;0016;0031;0112;0147;-0.080;-0.023\r\n'
b'06889230;0015;0033;0128;0162;-0.090;-0.022\r\n'
b'06889318;0018;0036;0112;0170;-0.085;-0.030\r\n'
b'06889405;0014;0034;0110;0141;-0.077;-0.020\r\n'
b'06889492;0013;0032;0112;0154;-0.083;-0.024\r\n'
b'06889580;0015;0034;0128;0192;-0.100;-0.032\r\n'
b'06889667;0014;0032;0098;0137;-0.072;-0.023\r\n'
b'06889754;0016;0032;0129;0167;-0.092;-0.024\r\n'
b'06889842;0016;0036;0136;0186;-0.100;-0.026\r\n'
b'06889929;0014;0036;0120;0174;-0.091;-0.027\r\n'
b'06890016;0016;0029;0104;0168;-0.085;-0.034\r\n'
b'06890104;0016;0032;0110;0160;-0.083;-0.028\r\n'
b'06890191;0016;0032;0115;0153;-0.083;-0.024\r\n'
b'06890278;0016;0033;0129;0181;-0.097;-0.028\r\n'
b'06890365;0016;0033;0106;0147;-0.077;-0.024\r\n'
b'06890453;0014;0032;0109;0168;-0.086;-0.030\r\n'
b'06890540;0016;0032;0108;0162;-0.083;-0.029\r\n'
b'06890627;0013;0032;0112;0171;-0.089;-0.030\r\n'
b'06890715;0015;0032;0112;0192;-0.095;-0.038\r\n'
b'06890802;0016;0033;0136;0192;-0.103;-0.030\r\n'
b'06890889;0018;0032;0128;0162;-0.090;-0.023\r\n'
b'06890977;0016;0033;0137;0168;-0.095;-0.021\r\n'
b'06891064;0014;0036;0113;0174;-0.088;-0.029\r\n'
b'06891151;0014;0032;0115;0171;-0.089;-0.029\r\n'
b'06891238;0014;0032;0109;0170;-0.087;-0.031\r\n'
b'06891326;0016;0036;0117;0178;-0.091;-0.030\r\n'
b'06891413;0016;0029;0114;0179;-0.092;-0.034\r\n'
b'06891501;0014;0036;0128;0179;-0.095;-0.026\r\n'
b'06891588;0018;0036;0114;0154;-0.080;-0.024\r\n'
b'06891675;0014;0032;0106;0155;-0.081;-0.027\r\n'
b'06891762;0014;0034;0106;0153;-0.079;-0.025\r\n'
b'06891850;0016;0033;0113;0177;-0.090;-0.032\r\n'
b'06891937;0014;0036;0104;0136;-0.072;-0.019\r\n'
b'06892024;0016;0032;0121;0154;-0.085;-0.022\r\n'
b'06892112;0014;0032;0115;0154;-0.084;-0.023\r\n'
b'06892199;0016;0034;0107;0145;-0.076;-0.023\r\n'
b'06892286;0013;0033;0104;0144;-0.076;-0.023\r\n'
b'06892374;0013;0032;0113;0168;-0.088;-0.028\r\n'
b'06892461;0016;0032;0113;0176;-0.090;-0.032\r\n'
b'06892548;0016;0036;0122;0182;-0.094;-0.030\r\n'
b'06892635;0016;0034;0128;0192;-0.100;-0.032\r\n'
b'06892723;0018;0036;0128;0165;-0.089;-0.023\r\n'
b'06892810;0013;0033;0107;0168;-0.086;-0.030\r\n'
b'06892898;0015;0035;0116;0158;-0.084;-0.024\r\n'
b'06892985;0015;0034;0131;0167;-0.093;-0.022\r\n'
b'06893072;0014;0036;0114;0173;-0.088;-0.029\r\n'
b'06893160;0015;0036;0115;0178;-0.090;-0.031\r\n'
b'06893247;0016;0033;0118;0178;-0.092;-0.031\r\n'
b'06893334;0016;0033;0114;0160;-0.084;-0.026\r\n'
b'06978895;0014;0035;0128;0163;-0.090;-0.021\r\n'
b'06978919;0015;0032;0128;0161;-0.090;-0.022\r\n'
b'06978987;0016;0032;0114;0171;-0.088;-0.030\r\n'
b'06979074;0016;0033;0112;0147;-0.079;-0.022\r\n'
b'06979161;0014;0033;0108;0163;-0.084;-0.028\r\n'
b'06979249;0017;0032;0141;0188;-0.104;-0.027\r\n'
b'06979336;0011;0031;0115;0166;-0.089;-0.027\r\n'
b'06979423;0016;0032;0112;0176;-0.089;-0.033\r\n'
b'06979511;0014;0032;0112;0174;-0.089;-0.031\r\n'
b'06979598;0014;0032;0121;0156;-0.086;-0.022\r\n'
b'06979685;0007;0032;0112;0157;-0.086;-0.023\r\n'
b'06979773;0014;0032;0114;0157;-0.084;-0.025\r\n'
b'06979860;0014;0029;0115;0160;-0.087;-0.026\r\n'
b'06979947;0016;0032;0105;0140;-0.074;-0.023\r\n'
b'06980034;0016;0032;0106;0153;-0.079;-0.027\r\n'
b'06980122;0014;0032;0106;0164;-0.084;-0.030\r\n'
b'06980209;0013;0032;0115;0164;-0.087;-0.026\r\n'
b'06980297;0013;0032;0107;0163;-0.084;-0.029\r\n'
b'06980384;0017;0032;0110;0144;-0.077;-0.023\r\n'
b'06980471;0014;0032;0110;0153;-0.081;-0.025\r\n'
b'06980558;0013;0032;0106;0147;-0.078;-0.024\r\n'
b'06980646;0016;0032;0121;0162;-0.088;-0.025\r\n'
b'06980733;0014;0032;0142;0173;-0.100;-0.021\r\n'
b'06980820;0014;0035;0133;0163;-0.092;-0.019\r\n'
b'06980907;0015;0032;0115;0166;-0.087;-0.028\r\n'
b'06980995;0014;0033;0108;0144;-0.077;-0.022\r\n'
b'06981082;0012;0034;0113;0163;-0.086;-0.026\r\n'
b'06981169;0014;0032;0113;0168;-0.088;-0.029\r\n'
b'06981257;0016;0033;0128;0160;-0.089;-0.021\r\n'
b'06981344;0014;0033;0115;0171;-0.089;-0.029\r\n'
b'06981431;0014;0032;0115;0152;-0.083;-0.023\r\n'
b'06981519;0016;0036;0146;0177;-0.100;-0.020\r\n'
b'06981606;0018;0032;0115;0154;-0.082;-0.025\r\n'
b'06981693;0016;0032;0101;0160;-0.080;-0.031\r\n'
b'06981780;0015;0032;0128;0179;-0.096;-0.028\r\n'
b'06981868;0014;0032;0115;0163;-0.087;-0.026\r\n'
b'06981955;0016;0032;0128;0166;-0.092;-0.024\r\n'
b'06982042;0014;0032;0110;0170;-0.087;-0.030\r\n'
b'06982130;0015;0029;0107;0146;-0.079;-0.025\r\n'
b'06982217;0016;0032;0111;0158;-0.083;-0.027\r\n'
b'06982304;0017;0032;0108;0153;-0.080;-0.026\r\n'
b'06982392;0014;0032;0111;0172;-0.088;-0.031\r\n'
b'06982479;0016;0032;0114;0161;-0.085;-0.027\r\n'
b'06982566;0016;0032;0111;0173;-0.088;-0.032\r\n'
b'06982653;0016;0033;0107;0153;-0.079;-0.026\r\n'
b'06982741;0013;0032;0107;0156;-0.082;-0.026\r\n'
b'06982828;0016;0032;0104;0143;-0.075;-0.024\r\n'
b'06982915;0016;0032;0119;0154;-0.084;-0.023\r\n'
b'06983003;0014;0032;0110;0147;-0.079;-0.023\r\n'
b'06983090;0011;0034;0115;0174;-0.091;-0.028\r\n'
b'06983177;0016;0032;0104;0145;-0.076;-0.025\r\n'
b'06983264;0012;0032;0120;0152;-0.085;-0.020\r\n'
b'06983352;0013;0032;0110;0178;-0.090;-0.033\r\n'
b'06983439;0016;0032;0112;0171;-0.088;-0.031\r\n'
b'06983527;0016;0034;0108;0161;-0.082;-0.028\r\n'
b'06983614;0015;0032;0115;0175;-0.091;-0.031\r\n'
b'06983701;0012;0033;0120;0186;-0.097;-0.032\r\n'
b'06983788;0016;0033;0143;0176;-0.100;-0.022\r\n'
b'06983876;0013;0032;0113;0176;-0.091;-0.031\r\n'
b'06983963;0013;0032;0105;0164;-0.084;-0.030\r\n'
b'06984050;0016;0036;0128;0158;-0.087;-0.020\r\n'
b'06984138;0014;0032;0118;0176;-0.092;-0.030\r\n'
b'06984225;0014;0032;0115;0174;-0.091;-0.030\r\n'
b'06984312;0013;0032;0110;0172;-0.088;-0.031\r\n'
b'06984399;0012;0032;0113;0180;-0.093;-0.032\r\n'
b'06984487;0014;0033;0107;0173;-0.087;-0.032\r\n'
b'06984574;0014;0032;0107;0154;-0.081;-0.026\r\n'
b'06984661;0016;0033;0106;0150;-0.078;-0.025\r\n'
b'06984749;0013;0040;0113;0155;-0.081;-0.021\r\n'
b'06984836;0015;0033;0147;0184;-0.105;-0.023\r\n'
b'06984923;0017;0031;0128;0190;-0.100;-0.033\r\n'
b'06985011;0014;0032;0114;0155;-0.084;-0.024\r\n'
b'06985098;0014;0032;0114;0182;-0.093;-0.033\r\n'
b'06985185;0014;0036;0128;0154;-0.087;-0.017\r\n'
b'06985273;0013;0036;0138;0168;-0.095;-0.019\r\n'
b'06985360;0016;0033;0128;0163;-0.090;-0.022\r\n'
b'06985447;0016;0036;0121;0155;-0.084;-0.021\r\n'
b'06985535;0018;0036;0109;0152;-0.078;-0.025\r\n'
b'06985622;0014;0032;0104;0155;-0.080;-0.027\r\n'
b'06985709;0016;0032;0128;0179;-0.096;-0.028\r\n'
b'07061075;0014;0032;0113;0149;-0.081;-0.022\r\n'
b'07061144;0014;0032;0115;0147;-0.081;-0.021\r\n'
b'07061232;0015;0033;0106;0146;-0.077;-0.024\r\n'
b'07061319;0012;0032;0107;0146;-0.079;-0.023\r\n'
b'07061407;0016;0031;0115;0162;-0.086;-0.027\r\n'
b'07061494;0016;0032;0117;0147;-0.081;-0.021\r\n'
b'07061581;0018;0032;0128;0155;-0.087;-0.021\r\n'
b'07061669;0013;0033;0112;0168;-0.087;-0.028\r\n'
b'07061756;0014;0033;0108;0173;-0.087;-0.032\r\n'
b'07061843;0016;0032;0104;0159;-0.081;-0.029\r\n'
b'07061931;0014;0033;0112;0166;-0.086;-0.028\r\n'
b'07062018;0015;0034;0108;0149;-0.078;-0.024\r\n'
b'07062105;0011;0034;0115;0157;-0.085;-0.023\r\n'
b'07062192;0017;0036;0137;0172;-0.095;-0.022\r\n'
b'07062280;0016;0032;0124;0189;-0.098;-0.033\r\n'
b'07062367;0011;0035;0101;0141;-0.074;-0.022\r\n'
b'07062454;0013;0032;0107;0152;-0.080;-0.025\r\n'
b'07062542;0015;0032;0144;0176;-0.101;-0.021\r\n'
b'07062629;0016;0032;0128;0178;-0.096;-0.028\r\n'
b'07062716;0014;0033;0130;0153;-0.088;-0.017\r\n'
b'07062804;0015;0033;0097;0145;-0.073;-0.026\r\n'
b'07062891;0020;0032;0106;0154;-0.078;-0.028\r\n'
b'07062978;0018;0032;0113;0154;-0.081;-0.025\r\n'
b'07063066;0016;0032;0144;0186;-0.104;-0.025\r\n'
b'07063153;0014;0032;0128;0162;-0.091;-0.022\r\n'
b'07063240;0014;0033;0117;0185;-0.095;-0.033\r\n'
b'07063327;0016;0032;0105;0143;-0.076;-0.024\r\n'
b'07063415;0014;0032;0111;0162;-0.085;-0.027\r\n'
b'07063502;0017;0032;0105;0154;-0.079;-0.028\r\n'
b'07063589;0015;0032;0122;0169;-0.091;-0.026\r\n'
b'07063677;0014;0032;0128;0162;-0.091;-0.022\r\n'
b'07063764;0016;0032;0120;0173;-0.091;-0.029\r\n'
b'07063851;0007;0032;0109;0160;-0.086;-0.025\r\n'
b'07063939;0015;0029;0121;0194;-0.100;-0.036\r\n'
b'07064026;0013;0032;0116;0193;-0.098;-0.036\r\n'
b'07064113;0016;0032;0118;0139;-0.079;-0.018\r\n'
b'07064200;0016;0032;0118;0160;-0.086;-0.025\r\n'
b'07064288;0014;0032;0128;0178;-0.096;-0.027\r\n'
b'07064375;0016;0032;0112;0150;-0.080;-0.024\r\n'
b'07064462;0013;0034;0112;0162;-0.085;-0.026\r\n'
b'07064550;0014;0032;0122;0195;-0.100;-0.035\r\n'
b'07064637;0016;0032;0115;0160;-0.085;-0.026\r\n'
b'07064724;0016;0033;0146;0169;-0.099;-0.018\r\n'
b'07064812;0014;0032;0110;0144;-0.078;-0.022\r\n'
b'07064899;0011;0032;0105;0168;-0.086;-0.030\r\n'
b'07064986;0014;0032;0099;0160;-0.080;-0.031\r\n'
b'07065073;0012;0033;0113;0172;-0.089;-0.029\r\n'
b'07065161;0014;0036;0120;0139;-0.079;-0.015\r\n'
b'07065248;0017;0032;0114;0160;-0.084;-0.027\r\n'
b'07065335;0016;0032;0137;0182;-0.100;-0.026\r\n'
b'07065423;0013;0033;0112;0149;-0.081;-0.022\r\n'
b'07065510;0014;0033;0108;0149;-0.079;-0.024\r\n'
b'07065597;0014;0030;0105;0156;-0.081;-0.028\r\n'
b'07065685;0014;0036;0118;0160;-0.085;-0.023\r\n'
b'07065772;0015;0029;0128;0154;-0.089;-0.020\r\n'
b'07065859;0016;0032;0121;0152;-0.084;-0.021\r\n'
b'07065946;0014;0032;0123;0186;-0.098;-0.032\r\n'
b'07066033;0014;0031;0112;0169;-0.088;-0.030\r\n'
b'07066121;0016;0032;0128;0173;-0.094;-0.026\r\n'
b'07066208;0014;0032;0122;0155;-0.086;-0.021\r\n'
b'07066296;0014;0032;0112;0153;-0.082;-0.024\r\n'
b'07066383;0016;0032;0122;0156;-0.086;-0.022\r\n'
b'07066470;0013;0032;0131;0164;-0.093;-0.021\r\n'
b'07066557;0013;0034;0115;0168;-0.088;-0.027\r\n'
b'07066645;0017;0032;0115;0177;-0.091;-0.032\r\n'
b'07066732;0014;0032;0107;0163;-0.084;-0.029\r\n'
b'07066819;0016;0034;0136;0194;-0.104;-0.030\r\n'
b'07066907;0015;0034;0134;0170;-0.095;-0.022\r\n'
b'07066994;0013;0035;0124;0162;-0.089;-0.022\r\n'
b'07067081;0016;0032;0118;0149;-0.082;-0.021\r\n'
b'07067169;0016;0032;0116;0152;-0.083;-0.023\r\n'
b'07067256;0012;0032;0105;0144;-0.077;-0.023\r\n'
b'07067343;0014;0033;0134;0187;-0.101;-0.028\r\n'
b'07067430;0014;0034;0128;0158;-0.089;-0.020\r\n'
b'07067518;0014;0032;0117;0155;-0.085;-0.023\r\n'
b'07067605;0016;0032;0108;0167;-0.085;-0.031\r\n'
b'07067692;0017;0032;0129;0192;-0.101;-0.033\r\n'
b'07067780;0016;0032;0128;0161;-0.090;-0.022\r\n'
b'07067867;0014;0032;0110;0147;-0.079;-0.023\r\n'
b'07067954;0014;0032;0109;0167;-0.086;-0.030\r\n'
b'07149938;0015;0036;0117;0176;-0.090;-0.029\r\n'
b'07150021;0014;0036;0160;0162;-0.101;-0.009\r\n'
b'07150108;0016;0032;0128;0157;-0.088;-0.021\r\n'
b'07150195;0015;0033;0117;0177;-0.092;-0.031\r\n'
b'07150283;0016;0032;0109;0154;-0.081;-0.026\r\n'
b'07150370;0016;0029;0108;0171;-0.087;-0.033\r\n'
b'07150457;0013;0036;0110;0171;-0.087;-0.029\r\n'
b'07150545;0014;0036;0107;0138;-0.074;-0.019\r\n'
b'07150632;0013;0034;0108;0136;-0.074;-0.018\r\n'
b'07150719;0016;0033;0117;0167;-0.088;-0.027\r\n'
b'07150806;0016;0032;0099;0159;-0.079;-0.031\r\n'
b'07150894;0013;0036;0101;0138;-0.072;-0.021\r\n'
b'07150981;0014;0032;0109;0170;-0.087;-0.031\r\n'
b'07151069;0014;0034;0156;0170;-0.103;-0.014\r\n'
b'07151156;0014;0033;0104;0138;-0.074;-0.021\r\n'
b'07151243;0016;0033;0128;0162;-0.090;-0.022\r\n'
b'07151330;0014;0036;0103;0177;-0.086;-0.034\r\n'
b'07151418;0015;0036;0114;0168;-0.086;-0.027\r\n'
b'07151505;0011;0033;0120;0155;-0.086;-0.021\r\n'
b'07151593;0014;0036;0115;0160;-0.084;-0.024\r\n'
b'07151680;0016;0033;0108;0153;-0.080;-0.026\r\n'
b'07151767;0016;0034;0121;0163;-0.087;-0.024\r\n'
b'07151854;0013;0032;0115;0188;-0.096;-0.035\r\n'
b'07151942;0013;0032;0100;0160;-0.081;-0.030\r\n'
b'07152029;0013;0036;0106;0153;-0.079;-0.024\r\n'
b'07152116;0014;0032;0138;0179;-0.100;-0.024\r\n'
b'07152204;0014;0034;0124;0158;-0.087;-0.021\r\n'
b'07152291;0011;0032;0128;0162;-0.092;-0.021\r\n'
b'07152379;0016;0032;0096;0131;-0.068;-0.023\r\n'
b'07152466;0014;0033;0113;0163;-0.086;-0.027\r\n'
b'07152553;0016;0033;0107;0141;-0.075;-0.022\r\n'
b'07152640;0014;0030;0106;0149;-0.079;-0.025\r\n'
b'07152728;0014;0033;0128;0162;-0.091;-0.021\r\n'
b'07152815;0015;0029;0115;0154;-0.084;-0.025\r\n'
b'07152902;0013;0032;0105;0152;-0.080;-0.026\r\n'
b'07152989;0014;0032;0102;0160;-0.081;-0.030\r\n'
b'07153077;0016;0032;0112;0160;-0.084;-0.027\r\n'
b'07153164;0011;0032;0130;0174;-0.097;-0.024\r\n'
b'07153252;0007;0032;0115;0171;-0.092;-0.027\r\n'
b'07153339;0014;0029;0138;0192;-0.106;-0.030\r\n'
b'07153426;0014;0032;0114;0184;-0.094;-0.034\r\n'
b'07153514;0016;0032;0115;0147;-0.080;-0.022\r\n'
b'07153601;0014;0032;0107;0150;-0.079;-0.025\r\n'
b'07153688;0014;0036;0113;0160;-0.084;-0.025\r\n'
b'07153775;0018;0032;0104;0136;-0.072;-0.022\r\n'
b'07153863;0016;0032;0130;0163;-0.091;-0.022\r\n'
b'07153950;0016;0032;0113;0173;-0.089;-0.031\r\n'
b'07154037;0016;0033;0112;0168;-0.086;-0.029\r\n'
b'07154125;0014;0032;0114;0160;-0.085;-0.026\r\n'
b'07154212;0015;0032;0106;0162;-0.083;-0.029\r\n'
b'07154299;0014;0031;0120;0151;-0.085;-0.021\r\n'
b'07154387;0016;0033;0115;0150;-0.081;-0.022\r\n'
b'07154474;0014;0036;0113;0150;-0.080;-0.021\r\n'
b'07154561;0016;0032;0112;0162;-0.085;-0.028\r\n'
b'07154649;0014;0032;0114;0153;-0.083;-0.023\r\n'
b'07154736;0016;0032;0137;0162;-0.093;-0.019\r\n'
b'07154823;0018;0034;0108;0141;-0.075;-0.022\r\n'
b'07154911;0016;0033;0119;0160;-0.086;-0.024\r\n'
b'07154998;0015;0032;0109;0140;-0.076;-0.021\r\n'
b'07155085;0014;0032;0111;0170;-0.088;-0.030\r\n'
b'07155172;0016;0032;0128;0168;-0.092;-0.024\r\n'
b'07155260;0016;0032;0139;0192;-0.105;-0.029\r\n'
b'07155347;0014;0032;0128;0179;-0.097;-0.027\r\n'
b'07155435;0013;0036;0128;0184;-0.098;-0.027\r\n'
b'07155522;0014;0034;0128;0177;-0.095;-0.026\r\n'
b'07155609;0014;0033;0118;0176;-0.092;-0.029\r\n'
b'07155697;0017;0033;0120;0171;-0.090;-0.028\r\n'
b'07155784;0016;0032;0128;0158;-0.089;-0.021\r\n'
b'07155871;0013;0032;0115;0148;-0.082;-0.021\r\n'
b'07155958;0014;0034;0114;0146;-0.080;-0.020\r\n'
b'07156046;0015;0033;0103;0131;-0.071;-0.019\r\n'
b'07156133;0014;0033;0120;0176;-0.093;-0.029\r\n'
b'07156220;0016;0034;0107;0163;-0.083;-0.029\r\n'
b'07156308;0016;0032;0130;0161;-0.091;-0.021\r\n'
b'07156395;0015;0033;0123;0164;-0.089;-0.024\r\n'
b'07156483;0013;0032;0133;0168;-0.095;-0.022\r\n'
b'07156570;0014;0032;0105;0131;-0.072;-0.019\r\n'
b'07156657;0018;0032;0120;0160;-0.086;-0.025\r\n'
b'07156744;0016;0032;0136;0172;-0.096;-0.023\r\n'
b'07156832;0015;0032;0129;0154;-0.088;-0.019\r\n'
b'07238983;0014;0032;0115;0178;-0.092;-0.032\r\n'
b'07239002;0016;0029;0111;0173;-0.089;-0.033\r\n'
b'07239080;0014;0031;0098;0154;-0.078;-0.029\r\n'
b'07239167;0014;0032;0127;0160;-0.090;-0.021\r\n'
b'07239255;0015;0033;0107;0147;-0.078;-0.024\r\n'
b'07239342;0014;0030;0128;0178;-0.097;-0.028\r\n'
b'07239429;0016;0032;0131;0163;-0.092;-0.022\r\n'
b'07239516;0014;0032;0123;0160;-0.088;-0.023\r\n'
b'07239604;0014;0032;0105;0155;-0.080;-0.027\r\n'
b'07239691;0013;0030;0104;0144;-0.077;-0.024\r\n'
b'07239778;0013;0029;0110;0166;-0.087;-0.030\r\n'
b'07239866;0016;0029;0153;0206;-0.115;-0.030\r\n'
b'07239953;0017;0029;0115;0173;-0.090;-0.032\r\n'
b'07240040;0016;0032;0126;0163;-0.090;-0.023\r\n'
b'07240128;0018;0032;0107;0147;-0.077;-0.025\r\n'
b'07240215;0015;0031;0130;0160;-0.091;-0.021\r\n'
b'07240303;0016;0032;0110;0155;-0.081;-0.026\r\n'
b'07240390;0016;0032;0114;0145;-0.079;-0.021\r\n'
b'07240477;0016;0032;0111;0178;-0.090;-0.034\r\n'
b'07240564;0018;0032;0114;0170;-0.087;-0.031\r\n'
b'07240652;0014;0032;0109;0178;-0.090;-0.034\r\n'
b'07240739;0016;0032;0112;0155;-0.082;-0.025\r\n'
b'07240826;0014;0032;0110;0170;-0.087;-0.030\r\n'
b'07240914;0016;0032;0112;0173;-0.088;-0.032\r\n'
b'07241001;0014;0036;0128;0160;-0.089;-0.020\r\n'
b'07241088;0014;0036;0112;0166;-0.085;-0.027\r\n'
b'07241176;0012;0034;0108;0171;-0.087;-0.030\r\n'
b'07241263;0014;0032;0130;0163;-0.092;-0.021\r\n'
b'07241350;0014;0032;0117;0177;-0.092;-0.031\r\n'
b'07241437;0016;0032;0115;0171;-0.089;-0.030\r\n'
b'07241525;0011;0036;0117;0154;-0.084;-0.020\r\n'
b'07241612;0014;0032;0105;0138;-0.074;-0.021\r\n'
b'07241699;0014;0034;0124;0179;-0.095;-0.028\r\n'
b'07241787;0014;0036;0109;0150;-0.079;-0.023\r\n'
b'07241874;0017;0032;0123;0179;-0.094;-0.030\r\n'
b'07241961;0016;0036;0142;0202;-0.108;-0.030\r\n'
b'07242049;0012;0032;0113;0150;-0.082;-0.022\r\n'
b'07242136;0016;0032;0119;0157;-0.085;-0.024\r\n'
b'07242223;0014;0036;0115;0178;-0.091;-0.030\r\n'
b'07242311;0014;0036;0122;0162;-0.087;-0.022\r\n'
b'07242398;0016;0033;0120;0192;-0.098;-0.035\r\n'
b'07242485;0014;0036;0107;0160;-0.081;-0.027\r\n'
b'07242573;0011;0032;0104;0163;-0.084;-0.029\r\n'
b'07242660;0016;0034;0108;0158;-0.081;-0.027\r\n'
b'07242747;0011;0033;0115;0173;-0.091;-0.028\r\n'
b'07242835;0016;0033;0113;0153;-0.081;-0.024\r\n'
b'07242922;0016;0032;0120;0154;-0.085;-0.022\r\n'
b'07243009;0018;0034;0128;0181;-0.096;-0.029\r\n'
b'07243096;0016;0032;0104;0150;-0.078;-0.026\r\n'
b'07243184;0012;0034;0106;0161;-0.083;-0.027\r\n'
b'07243271;0014;0032;0115;0160;-0.086;-0.025\r\n'
b'07243358;0016;0033;0118;0171;-0.090;-0.028\r\n'
b'07243446;0015;0032;0104;0128;-0.070;-0.018\r\n'
b'07243533;0015;0032;0106;0163;-0.083;-0.030\r\n'
b'07243621;0016;0033;0132;0171;-0.094;-0.024\r\n'
b'07243708;0016;0033;0114;0147;-0.080;-0.022\r\n'
b'07243795;0014;0033;0120;0163;-0.088;-0.024\r\n'
b'07243882;0011;0032;0110;0168;-0.088;-0.029\r\n'
b'07243970;0011;0036;0122;0166;-0.090;-0.023\r\n'
b'07244057;0016;0035;0108;0171;-0.085;-0.031\r\n'
b'07244144;0016;0034;0137;0195;-0.104;-0.030\r\n'
b'07244232;0016;0032;0120;0160;-0.087;-0.024\r\n'
b'07244319;0016;0033;0130;0187;-0.099;-0.030\r\n'
b'07244406;0015;0032;0115;0176;-0.091;-0.031\r\n'
b'07244494;0011;0034;0106;0158;-0.082;-0.026\r\n'
b'07244581;0012;0032;0113;0176;-0.091;-0.031\r\n'
b'07244668;0011;0032;0114;0184;-0.095;-0.033\r\n'
b'07244755;0013;0032;0107;0156;-0.082;-0.026\r\n'
b'07244843;0016;0036;0128;0160;-0.088;-0.020\r\n'
b'07244930;0011;0036;0110;0168;-0.086;-0.027\r\n'
b'07245018;0014;0033;0136;0168;-0.095;-0.021\r\n'
b'07245105;0015;0032;0108;0176;-0.088;-0.034\r\n'
b'07245192;0013;0036;0096;0152;-0.075;-0.027\r\n'
b'07245280;0016;0032;0106;0141;-0.075;-0.023\r\n'
b'07245367;0013;0032;0114;0156;-0.084;-0.024\r\n'
b'07245454;0013;0032;0129;0188;-0.101;-0.030\r\n'
b'07245541;0014;0032;0108;0162;-0.084;-0.028\r\n'
b'07245629;0014;0036;0112;0145;-0.078;-0.020\r\n'
b'07245716;0014;0032;0109;0176;-0.089;-0.033\r\n'
b'07245803;0012;0032;0099;0144;-0.075;-0.025\r\n'
b'07329798;0013;0032;0128;0184;-0.099;-0.029\r\n'
b'07329817;0017;0032;0141;0176;-0.099;-0.023\r\n'
b'07329887;0018;0034;0131;0178;-0.096;-0.027\r\n'
b'07329974;0016;0032;0114;0161;-0.085;-0.027\r\n'
b'07330061;0011;0034;0112;0153;-0.082;-0.022\r\n'
b'07330149;0014;0032;0138;0176;-0.099;-0.023\r\n'
b'07330236;0014;0034;0128;0184;-0.098;-0.029\r\n'
b'07330324;0014;0033;0106;0143;-0.076;-0.022\r\n'
b'07330411;0016;0032;0107;0166;-0.084;-0.031\r\n'
b'07330498;0016;0032;0112;0171;-0.088;-0.031\r\n'
b'07330585;0014;0032;0108;0147;-0.079;-0.023\r\n'
b'07330673;0016;0032;0104;0147;-0.077;-0.025\r\n'
b'07330760;0014;0032;0106;0160;-0.082;-0.028\r\n'
b'07330848;0013;0031;0121;0180;-0.095;-0.030\r\n'
b'07330935;0014;0032;0129;0178;-0.097;-0.027\r\n'
b'07331022;0016;0032;0114;0155;-0.083;-0.025\r\n'
b'07331109;0014;0036;0128;0179;-0.095;-0.026\r\n'
b'07331197;0016;0028;0112;0168;-0.088;-0.031\r\n'
b'07331284;0014;0030;0117;0155;-0.085;-0.024\r\n'
b'07331371;0014;0034;0110;0155;-0.081;-0.025\r\n'
b'07331459;0017;0031;0115;0154;-0.083;-0.025\r\n'
b'07331546;0013;0032;0112;0147;-0.080;-0.022\r\n'
b'07331633;0016;0030;0107;0147;-0.078;-0.025\r\n'
b'07331721;0016;0032;0130;0181;-0.098;-0.028\r\n'
b'07331808;0014;0032;0112;0169;-0.088;-0.029\r\n'
b'07331895;0016;0032;0131;0191;-0.101;-0.031\r\n'
b'07331982;0016;0032;0115;0154;-0.083;-0.024\r\n'
b'07332070;0014;0032;0122;0174;-0.093;-0.028\r\n'
b'07332157;0014;0032;0109;0138;-0.076;-0.020\r\n'
b'07332245;0018;0029;0147;0210;-0.114;-0.034\r\n'
b'07332332;0016;0032;0112;0186;-0.093;-0.036\r\n'
b'07332419;0014;0032;0108;0163;-0.084;-0.029\r\n'
b'07332506;0016;0032;0120;0182;-0.094;-0.032\r\n'
b'07332594;0014;0031;0131;0157;-0.090;-0.019\r\n'
b'07332681;0016;0029;0115;0162;-0.087;-0.028\r\n'
b'07332768;0016;0032;0128;0166;-0.092;-0.024\r\n'
b'07332855;0016;0032;0106;0155;-0.080;-0.027\r\n'
b'07332943;0014;0032;0108;0144;-0.078;-0.022\r\n'
b'07333030;0014;0032;0104;0137;-0.074;-0.021\r\n'
b'07333117;0017;0032;0121;0155;-0.085;-0.023\r\n'
b'07333205;0017;0036;0133;0186;-0.099;-0.028\r\n'
b'07333292;0016;0032;0110;0172;-0.087;-0.032\r\n'
b'07333379;0016;0033;0107;0184;-0.090;-0.037\r\n'
b'07333467;0017;0031;0134;0162;-0.092;-0.021\r\n'
b'07333554;0015;0032;0109;0157;-0.082;-0.027\r\n'
b'07333641;0017;0032;0150;0195;-0.109;-0.027\r\n'
b'07333729;0016;0032;0129;0162;-0.091;-0.022\r\n'
b'07333816;0017;0032;0106;0168;-0.084;-0.032\r\n'
b'07333903;0014;0032;0107;0192;-0.094;-0.039\r\n'
b'07333991;0016;0029;0106;0136;-0.074;-0.022\r\n'
b'07334078;0017;0029;0110;0160;-0.084;-0.029\r\n'
b'07334165;0012;0032;0141;0194;-0.107;-0.028\r\n'
b'07334253;0017;0032;0128;0185;-0.098;-0.031\r\n'
b'07334340;0016;0032;0130;0192;-0.101;-0.032\r\n'
b'07334427;0016;0032;0114;0155;-0.083;-0.025\r\n'
b'07334514;0013;0034;0123;0178;-0.094;-0.028\r\n'
b'07334602;0016;0033;0107;0140;-0.075;-0.022\r\n'
b'07334689;0013;0032;0142;0184;-0.104;-0.024\r\n'
b'07334776;0017;0031;0111;0150;-0.080;-0.025\r\n'
b'07334864;0014;0032;0113;0178;-0.091;-0.032\r\n'
b'07334951;0015;0032;0109;0155;-0.081;-0.026\r\n'
b'07335038;0018;0029;0121;0176;-0.093;-0.031\r\n'
b'07335126;0014;0032;0120;0162;-0.088;-0.024\r\n'
b'07335213;0017;0032;0129;0178;-0.096;-0.028\r\n'
b'07335300;0013;0032;0110;0147;-0.080;-0.022\r\n'
b'07335388;0014;0032;0138;0163;-0.095;-0.019\r\n'
b'07335475;0016;0032;0107;0147;-0.078;-0.024\r\n'
b'07335562;0016;0031;0121;0163;-0.088;-0.025\r\n'
b'07335649;0016;0032;0129;0188;-0.100;-0.031\r\n'
b'07335737;0017;0031;0137;0160;-0.093;-0.019\r\n'
b'07335824;0014;0032;0122;0158;-0.087;-0.022\r\n'
b'07335912;0015;0029;0128;0161;-0.091;-0.023\r\n'
b'07335999;0016;0032;0122;0163;-0.088;-0.025\r\n'
b'07336086;0016;0032;0130;0166;-0.092;-0.023\r\n'
b'07336173;0014;0032;0121;0179;-0.094;-0.030\r\n'
b'07336260;0017;0032;0129;0155;-0.088;-0.020\r\n'
b'07336348;0014;0032;0121;0158;-0.087;-0.023\r\n'
b'07336435;0016;0032;0116;0147;-0.081;-0.021\r\n'
b'07336523;0016;0032;0120;0195;-0.099;-0.036\r\n'
b'07336610;0014;0032;0118;0160;-0.087;-0.024\r\n'
b'07410031;0016;0033;0121;0160;-0.087;-0.024\r\n'
b'07410055;0013;0033;0131;0166;-0.093;-0.021\r\n'
b'07410125;0014;0036;0115;0157;-0.083;-0.023\r\n'
b'07410213;0015;0032;0108;0144;-0.077;-0.023\r\n'
b'07410300;0016;0033;0130;0171;-0.094;-0.024\r\n'
b'07410387;0016;0034;0136;0188;-0.101;-0.028\r\n'
b'07410475;0012;0032;0113;0168;-0.088;-0.028\r\n'
b'07410562;0013;0032;0114;0168;-0.088;-0.028\r\n'
b'07410649;0014;0034;0128;0166;-0.092;-0.022\r\n'
b'07410737;0016;0033;0124;0160;-0.088;-0.023\r\n'
b'07410824;0016;0032;0116;0171;-0.089;-0.029\r\n'
b'07410911;0016;0034;0115;0178;-0.091;-0.032\r\n'
b'07410999;0018;0032;0128;0166;-0.091;-0.024\r\n'
b'07411086;0013;0032;0121;0160;-0.088;-0.023\r\n'
b'07411173;0013;0032;0107;0160;-0.083;-0.028\r\n'
b'07411260;0013;0032;0107;0170;-0.087;-0.031\r\n'
b'07411348;0012;0034;0111;0162;-0.085;-0.026\r\n'
b'07411435;0018;0034;0138;0196;-0.104;-0.031\r\n'
b'07411522;0016;0032;0098;0147;-0.074;-0.027\r\n'
b'07411610;0013;0032;0096;0124;-0.067;-0.019\r\n'
b'07411697;0011;0032;0099;0154;-0.079;-0.028\r\n'
b'07411784;0013;0032;0107;0171;-0.087;-0.032\r\n'
b'07411872;0014;0033;0153;0192;-0.110;-0.023\r\n'
b'07411959;0014;0032;0113;0140;-0.078;-0.019\r\n'
b'07412047;0014;0032;0115;0147;-0.081;-0.021\r\n'
b'07412134;0013;0031;0111;0153;-0.082;-0.024\r\n'
b'07412221;0011;0034;0107;0164;-0.085;-0.028\r\n'
b'07412308;0016;0032;0114;0172;-0.089;-0.031\r\n'
b'07412396;0011;0032;0121;0178;-0.095;-0.028\r\n'
b'07412483;0014;0032;0136;0182;-0.101;-0.026\r\n'
b'07412570;0016;0032;0110;0146;-0.078;-0.023\r\n'
b'07412658;0013;0032;0107;0153;-0.081;-0.025\r\n'
b'07412745;0014;0032;0109;0186;-0.093;-0.036\r\n'
b'07412832;0016;0033;0136;0202;-0.107;-0.033\r\n'
b'07412919;0014;0032;0134;0152;-0.089;-0.016\r\n'
b'07413007;0017;0031;0122;0168;-0.090;-0.027\r\n'
b'07413094;0015;0032;0129;0177;-0.096;-0.027\r\n'
b'07413181;0013;0032;0107;0154;-0.081;-0.026\r\n'
b'07413269;0011;0034;0112;0160;-0.085;-0.025\r\n'
b'07413356;0013;0034;0122;0162;-0.088;-0.023\r\n'
b'07413443;0016;0032;0107;0131;-0.072;-0.019\r\n'
b'07413531;0016;0032;0139;0174;-0.098;-0.023\r\n'
b'07413618;0014;0032;0131;0185;-0.100;-0.029\r\n'
b'07413705;0014;0032;0128;0156;-0.089;-0.020\r\n'
b'07413792;0016;0027;0106;0147;-0.079;-0.026\r\n'
b'07413880;0014;0032;0099;0160;-0.080;-0.031\r\n'
b'07413967;0013;0032;0107;0153;-0.081;-0.025\r\n'
b'07414055;0012;0035;0136;0160;-0.093;-0.016\r\n'
b'07414142;0014;0032;0130;0185;-0.100;-0.029\r\n'
b'07414229;0014;0029;0099;0130;-0.071;-0.021\r\n'
b'07414316;0013;0032;0108;0172;-0.088;-0.032\r\n'
b'07414404;0014;0032;0109;0155;-0.082;-0.026\r\n'
b'07414491;0016;0032;0115;0160;-0.085;-0.026\r\n'
b'07414578;0014;0032;0110;0171;-0.088;-0.031\r\n'
b'07414666;0014;0032;0136;0197;-0.106;-0.031\r\n'
b'07414753;0014;0032;0121;0158;-0.087;-0.023\r\n'
b'07414840;0014;0031;0128;0163;-0.092;-0.022\r\n'
b'07414928;0016;0033;0120;0183;-0.094;-0.032\r\n'
b'07415015;0016;0032;0118;0155;-0.084;-0.023\r\n'
b'07415102;0014;0032;0139;0170;-0.098;-0.021\r\n'
b'07415190;0016;0032;0114;0153;-0.082;-0.024\r\n'
b'07415277;0014;0034;0130;0184;-0.099;-0.028\r\n'
b'07415364;0016;0032;0128;0180;-0.096;-0.028\r\n'
b'07415452;0011;0032;0115;0186;-0.096;-0.033\r\n'
b'07415539;0016;0033;0105;0139;-0.074;-0.022\r\n'
b'07415626;0015;0032;0103;0154;-0.079;-0.028\r\n'
b'07415714;0013;0032;0114;0153;-0.083;-0.023\r\n'
b'07415801;0014;0032;0135;0194;-0.105;-0.030\r\n'
b'07415888;0016;0032;0110;0149;-0.079;-0.024\r\n'
b'07415975;0014;0033;0107;0147;-0.078;-0.023\r\n'
b'07416063;0007;0032;0122;0155;-0.089;-0.019\r\n'
b'07416150;0016;0032;0113;0152;-0.081;-0.024\r\n'
b'07416237;0014;0032;0107;0148;-0.079;-0.024\r\n'
b'07416325;0014;0029;0106;0150;-0.080;-0.026\r\n'
b'07416412;0016;0032;0107;0156;-0.081;-0.027\r\n'
b'07416499;0016;0032;0107;0162;-0.083;-0.029\r\n'
b'07416587;0014;0032;0113;0177;-0.091;-0.032\r\n'
b'07416674;0014;0032;0111;0150;-0.081;-0.023\r\n'
b'07416761;0016;0032;0113;0154;-0.082;-0.025\r\n'
b'07416848;0014;0032;0114;0154;-0.083;-0.024\r\n'
b'07499104;0015;0032;0099;0138;-0.072;-0.024\r\n'
b'07499180;0016;0032;0128;0161;-0.090;-0.022\r\n'
b'07499265;0011;0036;0110;0146;-0.079;-0.020\r\n'
b'07499352;0015;0034;0124;0135;-0.079;-0.013\r\n'
b'07499440;0016;0036;0118;0178;-0.091;-0.030\r\n'
b'07499527;0016;0033;0112;0160;-0.084;-0.027\r\n'
b'07499614;0014;0033;0106;0176;-0.088;-0.034\r\n'
b'07499702;0015;0032;0113;0163;-0.086;-0.027\r\n'
b'07499789;0014;0032;0108;0151;-0.080;-0.025\r\n'
b'07499876;0015;0032;0147;0192;-0.108;-0.026\r\n'
b'07499964;0016;0034;0135;0162;-0.092;-0.019\r\n'
b'07500051;0012;0034;0128;0168;-0.093;-0.022\r\n'
b'07500138;0014;0034;0112;0184;-0.092;-0.034\r\n'
b'07500226;0013;0032;0136;0169;-0.096;-0.021\r\n'
b'07500313;0013;0033;0137;0174;-0.098;-0.022\r\n'
b'07500400;0013;0034;0129;0179;-0.097;-0.026\r\n'
b'07500488;0016;0034;0137;0176;-0.098;-0.023\r\n'
b'07500575;0013;0032;0123;0181;-0.096;-0.030\r\n'
b'07500662;0016;0033;0113;0174;-0.089;-0.031\r\n'
b'07500750;0011;0032;0114;0172;-0.090;-0.029\r\n'
b'07500837;0016;0032;0109;0149;-0.079;-0.024\r\n'
b'07500924;0014;0036;0135;0160;-0.091;-0.017\r\n'
b'07501011;0014;0034;0128;0188;-0.099;-0.030\r\n'
b'07501098;0016;0033;0121;0145;-0.081;-0.018\r\n'
b'07501186;0014;0033;0107;0183;-0.091;-0.036\r\n'
b'07501273;0014;0033;0104;0159;-0.081;-0.028\r\n'
b'07501361;0016;0034;0130;0163;-0.091;-0.021\r\n'
b'07501448;0014;0032;0146;0192;-0.108;-0.026\r\n'
b'07501535;0014;0032;0107;0137;-0.075;-0.020\r\n'
b'07501623;0014;0032;0115;0150;-0.082;-0.022\r\n'
b'07501710;0017;0034;0116;0153;-0.082;-0.023\r\n'
b'07501797;0014;0032;0108;0147;-0.079;-0.023\r\n'
b'07501884;0014;0032;0128;0163;-0.091;-0.022\r\n'
b'07501972;0013;0033;0144;0184;-0.104;-0.023\r\n'
b'07502059;0011;0034;0128;0154;-0.088;-0.017\r\n'
b'07502146;0016;0034;0132;0181;-0.098;-0.027\r\n'
b'07502234;0014;0032;0111;0170;-0.088;-0.030\r\n'
b'07502321;0013;0036;0130;0169;-0.093;-0.022\r\n'
b'07502408;0013;0032;0115;0179;-0.093;-0.032\r\n'
b'07502496;0014;0036;0144;0186;-0.104;-0.023\r\n'
b'07502583;0014;0032;0131;0168;-0.094;-0.023\r\n'
b'07502670;0014;0033;0128;0159;-0.089;-0.020\r\n'
b'07502757;0014;0036;0128;0160;-0.089;-0.020\r\n'
b'07502845;0007;0032;0128;0162;-0.093;-0.019\r\n'
b'07502932;0016;0032;0113;0171;-0.088;-0.031\r\n'
b'07503019;0014;0032;0122;0170;-0.092;-0.026\r\n'
b'07503107;0016;0029;0115;0150;-0.082;-0.024\r\n'
b'07503194;0018;0034;0128;0160;-0.088;-0.022\r\n'
b'07503281;0011;0034;0100;0158;-0.080;-0.028\r\n'
b'07503369;0013;0032;0128;0161;-0.091;-0.021\r\n'
b'07503456;0014;0036;0114;0172;-0.088;-0.028\r\n'
b'07503543;0018;0036;0115;0148;-0.079;-0.021\r\n'
b'07503630;0014;0036;0120;0178;-0.092;-0.028\r\n'
b'07503718;0012;0034;0114;0147;-0.081;-0.020\r\n'
b'07503805;0016;0036;0105;0154;-0.078;-0.026\r\n'
b'07503893;0014;0036;0122;0154;-0.085;-0.020\r\n'
b'07503980;0016;0033;0104;0139;-0.073;-0.022\r\n'
b'07504067;0016;0032;0112;0155;-0.082;-0.025\r\n'
b'07504154;0016;0032;0122;0160;-0.087;-0.024\r\n'
b'07504242;0016;0032;0128;0177;-0.095;-0.027\r\n'
b'07504329;0015;0033;0114;0145;-0.079;-0.021\r\n'
b'07504417;0014;0031;0111;0169;-0.088;-0.030\r\n'
b'07504503;0017;0032;0131;0171;-0.094;-0.025\r\n'
b'07504591;0015;0033;0107;0163;-0.083;-0.029\r\n'
b'07504678;0016;0031;0121;0179;-0.094;-0.031\r\n'
b'07504766;0015;0032;0131;0166;-0.093;-0.022\r\n'
b'07504853;0017;0032;0119;0179;-0.093;-0.032\r\n'
b'07504940;0014;0032;0104;0160;-0.082;-0.029\r\n'
b'07505028;0013;0032;0123;0187;-0.098;-0.032\r\n'
b'07505115;0014;0032;0115;0178;-0.092;-0.032\r\n'
b'07505202;0016;0029;0107;0144;-0.078;-0.024\r\n'
b'07505290;0014;0032;0115;0155;-0.084;-0.024\r\n'
b'07505377;0016;0032;0102;0131;-0.070;-0.020\r\n'
b'07505464;0013;0032;0106;0168;-0.086;-0.031\r\n'
b'07505551;0016;0032;0115;0175;-0.090;-0.031\r\n'
b'07505639;0016;0032;0110;0171;-0.087;-0.032\r\n'
b'07505726;0016;0032;0100;0136;-0.071;-0.023\r\n'
b'07505813;0016;0032;0130;0184;-0.099;-0.029\r\n'
b'07505901;0014;0032;0108;0146;-0.078;-0.023\r\n'
b'07505988;0017;0032;0107;0155;-0.080;-0.027\r\n'
b'07589803;0014;0032;0123;0164;-0.090;-0.024\r\n'
b'07589826;0014;0032;0114;0158;-0.085;-0.025\r\n'
b'07589891;0014;0032;0104;0154;-0.080;-0.027\r\n'
b'07589978;0016;0032;0128;0179;-0.096;-0.028\r\n'
b'07590066;0011;0033;0108;0160;-0.084;-0.026\r\n'
b'07590153;0014;0032;0137;0185;-0.102;-0.026\r\n'
b'07590240;0013;0033;0114;0168;-0.088;-0.028\r\n'
b'07590327;0011;0033;0130;0174;-0.096;-0.024\r\n'
b'07590415;0015;0032;0114;0175;-0.090;-0.031\r\n'
b'07590502;0011;0034;0107;0166;-0.085;-0.028\r\n'
b'07590590;0014;0032;0120;0174;-0.092;-0.028\r\n'
b'07590677;0014;0033;0108;0163;-0.084;-0.028\r\n'
b'07590764;0016;0032;0122;0158;-0.087;-0.023\r\n'
b'07590851;0014;0032;0111;0176;-0.090;-0.032\r\n'
b'07590938;0014;0032;0108;0166;-0.085;-0.030\r\n'
b'07591026;0016;0032;0128;0160;-0.089;-0.022\r\n'
b'07591113;0013;0032;0112;0163;-0.086;-0.027\r\n'
b'07591201;0013;0032;0121;0179;-0.095;-0.030\r\n'
b'07591288;0011;0032;0129;0162;-0.092;-0.020\r\n'
b'07591375;0016;0034;0116;0149;-0.081;-0.021\r\n'
b'07591462;0013;0033;0120;0161;-0.088;-0.023\r\n'
b'07591550;0014;0035;0116;0168;-0.088;-0.027\r\n'
b'07591637;0013;0032;0130;0168;-0.094;-0.023\r\n'
b'07591725;0013;0035;0118;0182;-0.094;-0.031\r\n'
b'07591812;0016;0033;0129;0188;-0.099;-0.031\r\n'
b'07591899;0016;0032;0129;0160;-0.090;-0.021\r\n'
b'07591986;0014;0033;0116;0145;-0.080;-0.019\r\n'
b'07592074;0016;0034;0128;0162;-0.090;-0.022\r\n'
b'07592161;0013;0032;0114;0152;-0.083;-0.023\r\n'
b'07592248;0014;0033;0116;0141;-0.079;-0.018\r\n'
b'07592336;0016;0032;0109;0145;-0.078;-0.023\r\n'
b'07592423;0016;0033;0117;0178;-0.092;-0.031\r\n'
b'07592510;0013;0032;0113;0176;-0.091;-0.031\r\n'
b'07592597;0014;0033;0122;0155;-0.086;-0.021\r\n'
b'07592685;0012;0034;0128;0192;-0.101;-0.031\r\n'
b'07592772;0016;0034;0108;0160;-0.082;-0.028\r\n'
b'07592860;0014;0032;0099;0147;-0.076;-0.026\r\n'
b'07592947;0012;0032;0105;0132;-0.073;-0.018\r\n'
b'07593034;0016;0032;0109;0145;-0.078;-0.023\r\n'
b'07593121;0014;0033;0111;0144;-0.078;-0.021\r\n'
b'07593209;0016;0033;0128;0179;-0.096;-0.028\r\n'
b'07593296;0016;0034;0109;0162;-0.083;-0.028\r\n'
b'07593383;0014;0032;0105;0145;-0.077;-0.024\r\n'
b'07593471;0014;0033;0116;0145;-0.080;-0.019\r\n'
b'07593558;0013;0032;0128;0152;-0.088;-0.018\r\n'
b'07593645;0014;0036;0142;0166;-0.096;-0.017\r\n'
b'07593733;0013;0036;0110;0144;-0.077;-0.020\r\n'
b'07593820;0011;0033;0107;0156;-0.082;-0.025\r\n'
b'07593907;0016;0036;0121;0178;-0.092;-0.029\r\n'
b'07593995;0015;0032;0121;0155;-0.086;-0.022\r\n'
b'07594082;0016;0032;0107;0151;-0.079;-0.026\r\n'
b'07594169;0015;0032;0115;0171;-0.089;-0.029\r\n'
b'07594256;0014;0033;0128;0155;-0.088;-0.019\r\n'
b'07594344;0016;0036;0129;0154;-0.086;-0.018\r\n'
b'07594431;0014;0032;0105;0140;-0.075;-0.022\r\n'
b'07594518;0014;0032;0114;0171;-0.089;-0.029\r\n'
b'07594606;0016;0033;0130;0183;-0.098;-0.029\r\n'
b'07594693;0014;0036;0119;0162;-0.086;-0.023\r\n'
b'07594780;0016;0032;0110;0154;-0.081;-0.026\r\n'
b'07594867;0014;0032;0115;0155;-0.084;-0.024\r\n'
b'07594955;0016;0032;0099;0160;-0.079;-0.031\r\n'
b'07595042;0016;0034;0108;0143;-0.076;-0.022\r\n'
b'07595129;0016;0032;0112;0144;-0.078;-0.022\r\n'
b'07595217;0017;0032;0121;0163;-0.088;-0.025\r\n'
b'07595304;0016;0032;0109;0163;-0.084;-0.029\r\n'
b'07595392;0014;0033;0120;0168;-0.090;-0.026\r\n'
b'07595479;0016;0033;0109;0143;-0.077;-0.022\r\n'
b'07595566;0016;0036;0107;0158;-0.080;-0.027\r\n'
b'07595653;0016;0031;0128;0179;-0.096;-0.028\r\n'
b'07595741;0016;0033;0138;0157;-0.092;-0.017\r\n'
b'07595828;0013;0030;0115;0160;-0.087;-0.026\r\n'
b'07595915;0017;0031;0107;0170;-0.086;-0.033\r\n'
b'07596002;0017;0029;0101;0158;-0.080;-0.031\r\n'
b'07596090;0016;0032;0131;0187;-0.100;-0.030\r\n'
b'07596177;0017;0032;0138;0175;-0.098;-0.024\r\n'
b'07596265;0015;0032;0131;0155;-0.089;-0.019\r\n'
b'07596352;0017;0032;0121;0175;-0.092;-0.030\r\n'
b'07596439;0016;0033;0111;0158;-0.083;-0.026\r\n'
b'07596526;0016;0032;0107;0147;-0.078;-0.024\r\n'
b'07596614;0016;0032;0114;0184;-0.093;-0.035\r\n'
b'07668425;0016;0033;0113;0144;-0.078;-0.021\r\n'
b'07668470;0014;0029;0111;0147;-0.081;-0.023\r\n'
b'07668554;0014;0031;0115;0170;-0.089;-0.029\r\n'
b'07668642;0014;0032;0111;0146;-0.079;-0.022\r\n'
b'07668729;0016;0032;0109;0152;-0.080;-0.025\r\n'
b'07668816;0013;0031;0128;0179;-0.097;-0.027\r\n'
b'07668903;0016;0032;0106;0137;-0.074;-0.021\r\n'
b'07668991;0014;0032;0122;0160;-0.088;-0.023\r\n'
b'07669078;0016;0032;0122;0156;-0.086;-0.022\r\n'
b'07669165;0016;0032;0128;0178;-0.096;-0.028\r\n'
b'07669252;0015;0032;0137;0185;-0.102;-0.027\r\n'
b'07669340;0016;0032;0111;0161;-0.084;-0.028\r\n'
b'07669427;0013;0032;0120;0154;-0.086;-0.021\r\n'
b'07669515;0013;0032;0128;0179;-0.097;-0.027\r\n'
b'07669602;0015;0030;0128;0160;-0.090;-0.022\r\n'
b'07669689;0011;0032;0134;0161;-0.094;-0.018\r\n'
b'07669776;0014;0032;0107;0161;-0.083;-0.028\r\n'
b'07669864;0013;0033;0112;0136;-0.076;-0.017\r\n'
b'07669951;0013;0032;0106;0161;-0.083;-0.028\r\n'
b'07670038;0011;0032;0107;0136;-0.075;-0.019\r\n'
b'07670126;0014;0035;0124;0160;-0.088;-0.021\r\n'
b'07670213;0014;0033;0112;0144;-0.079;-0.021\r\n'
b'07670300;0016;0034;0121;0160;-0.086;-0.023\r\n'
b'07670388;0013;0032;0115;0172;-0.090;-0.029\r\n'
b'07670475;0016;0033;0115;0155;-0.083;-0.024\r\n'
b'07670562;0016;0032;0123;0178;-0.094;-0.030\r\n'
b'07670649;0014;0032;0114;0141;-0.079;-0.019\r\n'
b'07670737;0016;0032;0107;0154;-0.080;-0.027\r\n'
b'07670824;0016;0032;0122;0139;-0.080;-0.016\r\n'
b'07670912;0016;0032;0107;0134;-0.073;-0.020\r\n'
b'07670999;0014;0033;0120;0152;-0.084;-0.021\r\n'
b'07671086;0013;0032;0107;0140;-0.076;-0.021\r\n'
b'07671173;0016;0033;0114;0138;-0.077;-0.018\r\n'
b'07671261;0014;0032;0128;0153;-0.088;-0.019\r\n'
b'07671348;0013;0032;0131;0155;-0.090;-0.018\r\n'
b'07671435;0014;0032;0120;0174;-0.092;-0.028\r\n'
b'07671523;0013;0033;0121;0168;-0.091;-0.025\r\n'
b'07671610;0013;0032;0110;0168;-0.087;-0.029\r\n'
b'07671697;0016;0032;0118;0171;-0.090;-0.029\r\n'
b'07671785;0014;0032;0115;0152;-0.083;-0.023\r\n'
b'07671872;0015;0032;0116;0138;-0.078;-0.018\r\n'
b'07671959;0012;0034;0116;0146;-0.081;-0.019\r\n'
b'07672047;0014;0032;0107;0152;-0.080;-0.025\r\n'
b'07672134;0016;0032;0122;0178;-0.094;-0.030\r\n'
b'07672221;0014;0034;0107;0168;-0.085;-0.030\r\n'
b'07672309;0013;0032;0128;0147;-0.086;-0.016\r\n'
b'07672396;0012;0035;0108;0138;-0.075;-0.018\r\n'
b'07672483;0011;0032;0114;0156;-0.085;-0.023\r\n'
b'07672570;0014;0031;0112;0153;-0.082;-0.024\r\n'
b'07672658;0011;0034;0115;0148;-0.082;-0.019\r\n'
b'07672745;0016;0029;0111;0146;-0.080;-0.024\r\n'
b'07672832;0013;0032;0112;0156;-0.084;-0.025\r\n'
b'07672920;0016;0033;0115;0163;-0.086;-0.027\r\n'
b'07673007;0013;0032;0115;0138;-0.078;-0.017\r\n'
b'07673094;0014;0033;0114;0153;-0.082;-0.023\r\n'
b'07673181;0016;0032;0111;0153;-0.081;-0.025\r\n'
b'07673269;0015;0032;0121;0156;-0.086;-0.022\r\n'
b'07673356;0014;0032;0139;0173;-0.099;-0.022\r\n'
b'07673444;0014;0032;0129;0183;-0.099;-0.029\r\n'
b'07673531;0014;0032;0115;0179;-0.092;-0.032\r\n'
b'07673618;0013;0032;0099;0138;-0.073;-0.023\r\n'
b'07673706;0016;0032;0122;0149;-0.084;-0.020\r\n'
b'07673793;0011;0032;0120;0168;-0.091;-0.025\r\n'
b'07673880;0017;0032;0157;0176;-0.105;-0.018\r\n'
b'07673967;0011;0032;0115;0153;-0.084;-0.022\r\n'
b'07674055;0013;0032;0131;0160;-0.092;-0.020\r\n'
b'07674142;0016;0034;0106;0153;-0.079;-0.026\r\n'
b'07674229;0014;0032;0128;0153;-0.088;-0.019\r\n'
b'07674317;0014;0032;0124;0176;-0.094;-0.028\r\n'
b'07674404;0013;0034;0116;0146;-0.081;-0.019\r\n'
b'07674491;0012;0034;0116;0144;-0.080;-0.018\r\n'
b'07674579;0011;0033;0110;0138;-0.077;-0.018\r\n'
b'07674666;0016;0033;0112;0173;-0.088;-0.031\r\n'
b'07674753;0016;0034;0121;0147;-0.082;-0.019\r\n'
b'07674840;0014;0033;0121;0165;-0.089;-0.025\r\n'
b'07674928;0014;0036;0128;0160;-0.089;-0.020\r\n'
b'07675015;0014;0033;0112;0139;-0.077;-0.019\r\n'
b'07675102;0014;0036;0128;0171;-0.093;-0.023\r\n'
b'07675190;0018;0036;0109;0162;-0.082;-0.028\r\n'
b'07675277;0014;0032;0112;0173;-0.089;-0.031\r\n'
b'07807970;0016;0032;0109;0136;-0.074;-0.020\r\n'
b''
b''
b''
b''
b''
b''
b''
b''
b''
b''
b''
b''
b'07709129;4096;4096;4096;4096;-0.084;-0.025\r\n'
b''
b''
b''
b''
b''
b''
b''
b''
b''
b'07709129;4096;4096;4096;4096;-0.084;-0.025\r\n'
b''
b''
b''
b''
b''
b''
b''
b''
b''
b'07709129;4096;4096;4096;4096;-0.084;-0.025\r\n'
b''
b''
b''
b''
b''
b''
b''
b''
b''
b'07709129;4096;4096;4096;4096;-0.084;-0.025\r\n'
b''
b''
b''
b''
b''
b''
b''
b''
b''
b'07709129;4096;4096;4096;4096;-0.084;-0.025\r\n'
b''
b''
b''
b''
b''
b''
b''
b''
b''
b'07709129;4096;4096;4096;4096;-0.084;-0.025\r\n'
b''
b''
b''
b''
b''
b''
b''
b''
b''
b'07709129;4096;4096;4096;4096;-0.084;-0.025\r\n'
b''
b''
b''
b''
b''
b''
b''
b''
b''
b'07709129;4096;4096;4096;4096;-0.084;-0.025\r\n'
b''
b''
b''
b''
b''
b''
b''
b''
b''
b'07709129;4096;4096;4096;4096;-0.084;-0.025\r\n'
b''
b''
b''
b''
b''
b''
b''
b''
b''
b'07709129;4096;4096;4096;4096;-0.084;-0.025\r\n'
b''
b''
b''
b''
b''
b''
b''
b''
b''
b'07709129;4096;4096;4096;4096;-0.084;-0.025\r\n'
b''
b''
b''
b''
b''
b''
b''
b''
b''
b'07709129;4096;4096;4096;4096;-0.084;-0.025\r\n'
b''
b''
b''
b''
b''
b''
b''
b''
b''
b'07709129;4096;4096;4096;4096;-0.084;-0.025\r\n'
b''
b''
b''v